"1.acalmar";"2.bocaseca";"3.sentpositiv";"4.respirar";"5.iniciativa";"6.reacexag";"7.tremor";"8.nervoso";"9.preocpanic";"10.expecpositv";"11.agitado";"12.relaxar";"13.abattrist";"14.pacienc";15."panico";"16.empolgar";"17.valor";"18.irritado";"19.batidas";"20.assutado";"21.sentido"
1;1;1;0;0;1;1;2;0;1;2;2;2;1;1;1;2;1;0;1;2
1;0;1;0;1;1;0;1;0;1;1;1;1;1;0;1;0;0;0;0;0
0;0;0;0;1;1;0;0;0;0;1;1;1;0;0;0;0;1;0;0;0
0;1;0;1;0;0;0;0;0;0;1;1;1;0;0;0;0;0;0;1;0
0;0;1;0;1;1;0;0;1;0;0;0;2;1;0;0;0;1;1;0;0
2;1;1;1;1;1;1;1;2;1;1;2;2;1;2;2;1;2;1;1;0
2;1;1;1;2;2;2;2;2;2;2;2;2;2;2;1;1;2;2;1;1
3;2;1;0;2;3;0;3;0;1;3;3;2;1;0;1;2;2;0;0;1
2;1;2;0;1;2;0;1;0;1;2;3;2;1;0;0;0;0;0;1;0
0;1;0;1;1;0;0;1;1;0;1;1;1;1;0;1;0;1;1;0;1
1;0;0;0;1;0;0;0;0;0;1;1;0;0;0;0;0;0;0;0;0
1;2;0;0;0;1;0;1;0;1;0;0;1;1;0;1;0;1;0;0;0
1;0;0;0;1;1;0;1;0;1;1;0;2;1;0;0;1;1;0;0;0
1;0;1;0;0;1;0;1;0;0;1;1;1;1;0;0;0;1;0;0;0
3;3;1;1;0;2;2;2;0;0;2;2;1;3;0;0;0;3;3;1;0
0;0;0;1;0;0;0;0;0;0;0;0;1;1;0;0;0;0;1;0;0
1;0;0;0;1;0;1;1;0;0;1;1;1;1;0;0;0;1;0;0;0
0;0;1;0;1;1;0;0;1;2;1;1;1;1;0;1;1;0;0;0;0
2;3;2;2;2;2;1;1;1;2;2;1;3;2;1;2;2;2;2;1;3
1;1;1;1;2;1;0;1;0;0;1;2;1;1;1;2;0;2;1;1;1
1;0;0;1;2;1;0;1;1;0;0;2;2;0;2;0;0;1;1;1;0
2;1;0;0;1;2;1;0;1;0;1;0;1;0;0;1;0;0;0;1;0
1;0;0;0;1;1;0;1;0;0;1;2;1;0;1;1;0;2;0;0;0
2;1;1;1;0;0;0;2;2;2;1;1;2;0;2;1;1;2;2;0;1
0;0;1;0;2;0;0;0;0;2;0;1;2;1;0;2;2;1;0;0;1
1;1;1;0;1;1;0;1;1;0;1;1;1;1;1;1;1;1;1;1;1
1;0;0;1;1;0;0;1;0;0;1;0;1;1;0;0;0;0;0;0;0
2;0;1;1;1;1;0;2;1;2;2;2;1;2;1;1;1;2;2;0;0
2;1;2;2;1;1;1;2;2;3;2;2;2;1;0;1;1;2;2;1;1
1;0;1;0;1;1;0;0;0;0;1;1;1;1;0;0;1;1;0;1;1
1;1;1;1;1;1;1;1;0;1;0;1;1;0;0;1;1;1;0;0;1
1;1;1;1;1;1;1;2;1;0;1;1;1;1;0;0;0;2;1;0;0
1;0;1;0;2;0;0;0;0;1;0;0;2;1;0;0;1;0;0;0;1
1;0;0;0;1;0;0;1;1;0;0;1;2;1;0;1;0;1;0;0;0
1;1;1;0;1;1;0;0;0;1;1;1;1;0;0;1;0;0;0;0;0
0;0;0;1;0;1;0;0;0;0;1;1;0;1;0;0;0;1;1;0;0
1;0;1;1;0;2;2;1;0;0;2;2;1;0;1;0;0;1;2;1;0
1;1;1;1;1;2;0;1;1;1;1;1;1;1;0;1;1;1;1;0;1
1;0;1;1;1;1;0;1;1;0;1;2;1;2;0;0;0;2;1;0;0
1;2;0;0;1;1;3;1;1;0;1;1;1;1;0;1;1;1;2;0;1
1;0;1;0;1;1;0;1;0;0;0;0;1;1;0;0;2;2;0;0;1
0;0;0;0;0;0;0;0;0;0;0;0;0;1;0;0;0;0;0;0;0
0;1;0;0;0;0;1;1;0;0;0;1;1;0;0;1;0;0;0;0;0
1;0;0;0;0;0;0;1;0;0;1;1;1;0;0;0;0;0;1;0;0
0;2;0;0;1;0;1;1;0;0;0;1;0;0;0;1;0;1;1;0;0
1;0;0;0;0;0;0;1;0;0;0;1;1;0;0;0;0;0;0;0;0
1;1;0;0;0;1;0;0;0;0;1;1;1;0;0;0;0;1;0;0;0
1;1;0;0;3;1;0;1;2;1;2;2;2;2;0;1;0;3;0;0;0
0;0;0;0;0;0;0;0;0;0;0;0;0;0;0;0;0;0;0;0;0
1;0;0;0;1;1;0;1;0;0;1;1;1;0;0;1;0;1;0;0;0
1;1;0;0;0;1;0;0;0;0;1;1;0;0;0;0;0;1;0;0;0
1;0;0;0;0;0;0;0;0;0;1;1;0;0;0;0;0;0;0;0;0
1;1;2;0;1;1;0;1;1;2;1;2;2;0;0;1;1;1;0;1;2
1;0;2;0;3;2;0;0;2;3;1;1;3;0;2;3;2;0;2;3;2
1;0;0;0;0;0;0;0;0;0;0;1;1;0;0;0;0;0;0;0;0
1;0;0;0;0;1;0;0;0;0;1;1;0;0;0;1;0;0;0;0;0
0;1;1;0;1;0;0;1;0;0;0;1;2;1;0;1;0;1;0;0;0
2;1;1;2;0;1;1;3;0;1;3;3;2;1;0;0;0;3;3;1;1
0;1;0;0;1;0;0;0;0;0;0;0;0;0;0;0;0;0;2;0;0
1;1;1;0;1;1;0;2;2;3;3;2;1;3;2;0;0;3;1;2;1
0;0;0;0;1;0;0;0;1;0;0;0;0;0;0;0;0;0;1;0;0
1;2;1;3;1;2;3;3;3;1;3;3;1;2;2;2;1;3;3;2;0
1;0;0;0;1;1;0;1;0;0;1;1;1;0;0;0;1;1;0;1;0
1;0;0;0;0;1;0;0;1;0;0;0;0;0;0;0;0;1;0;0;0
0;1;0;0;1;1;0;0;0;0;0;1;1;1;0;0;0;1;0;0;0
1;0;2;0;2;1;1;1;0;2;1;2;2;0;0;2;2;0;0;2;2
1;0;0;0;0;1;0;1;1;0;1;1;1;0;0;0;0;1;1;0;0
0;0;0;0;0;0;0;0;0;0;0;0;0;1;0;0;0;1;0;0;0
3;3;3;3;0;3;3;3;3;3;3;3;3;3;3;3;3;3;3;3;3
1;1;0;0;1;0;0;1;0;1;1;1;2;1;0;1;0;1;0;0;0
0;0;0;0;1;1;0;0;0;0;1;0;1;1;0;0;0;1;0;0;0
3;1;2;1;1;1;0;2;3;2;2;3;2;2;2;2;1;2;3;2;1
1;0;0;0;0;1;0;1;0;0;1;1;0;1;0;0;0;1;0;0;0
2;0;1;0;1;2;0;1;0;0;1;1;1;1;0;1;0;1;0;0;0
2;0;0;0;1;1;0;1;0;0;1;1;1;0;0;0;0;1;0;0;0
1;0;1;2;2;2;1;1;3;1;1;1;2;2;2;1;1;1;1;1;0
1;1;0;0;1;0;0;0;0;0;1;1;1;1;0;0;0;1;0;0;0
2;0;2;0;1;1;0;1;0;0;1;1;1;1;0;0;0;1;0;0;0
1;1;1;0;1;0;0;1;0;0;0;1;1;0;0;1;0;1;1;0;0
1;0;0;0;0;0;0;1;0;0;0;1;0;0;0;0;0;1;0;0;0
1;0;1;0;2;0;2;1;0;0;1;1;1;0;0;0;0;0;0;0;0
2;0;2;0;3;2;0;2;0;3;1;1;1;1;0;3;3;2;0;0;3
1;0;0;0;0;0;0;0;0;0;0;0;1;0;0;0;0;1;0;0;0
1;0;0;1;1;1;0;1;1;0;1;1;1;1;0;0;0;1;0;1;0
1;1;1;1;1;1;0;1;0;0;0;0;1;1;0;1;0;1;1;0;0
0;0;0;0;0;0;0;0;0;0;0;0;0;0;0;0;0;0;0;0;0
3;2;2;1;1;3;1;3;3;1;3;3;3;3;2;1;0;3;2;1;0
2;1;3;1;1;3;1;3;1;2;2;2;2;2;1;2;1;2;1;1;0
1;1;2;0;1;1;0;2;1;1;2;2;1;1;1;1;1;1;1;1;0
1;3;1;0;0;1;0;1;0;0;2;1;1;2;0;2;0;0;0;0;1
2;3;1;2;0;1;0;2;0;0;2;3;1;1;0;0;0;2;1;0;0
0;0;0;0;0;1;0;0;0;0;0;1;0;1;0;0;0;0;1;0;0
1;0;1;0;1;1;0;1;1;0;0;1;1;0;0;0;0;0;1;0;0
0;1;1;1;1;1;0;0;0;1;1;1;2;1;1;2;1;1;0;1;1
1;0;1;1;1;1;0;1;0;2;1;1;1;0;0;1;0;1;1;0;0
1;0;0;0;0;1;0;1;0;0;0;0;0;0;0;0;0;0;0;0;0
1;1;0;1;0;0;0;1;1;0;1;1;1;1;0;1;1;1;0;0;0
1;0;0;1;1;1;0;1;2;0;1;1;1;1;0;0;0;1;0;1;0
0;0;0;0;0;0;0;0;0;0;1;1;1;0;0;0;1;0;0;0;1
1;0;0;0;0;1;0;1;0;0;0;1;0;1;0;0;0;0;0;0;0
3;0;1;2;0;0;2;0;0;0;3;3;1;0;0;1;0;3;1;0;0
1;0;0;1;1;1;0;2;0;1;1;1;1;0;0;1;0;2;0;0;0
1;0;0;0;0;1;0;0;0;0;0;1;0;1;0;0;0;0;0;0;0
2;0;0;0;1;1;0;1;0;0;1;1;1;0;0;0;0;1;1;0;0
1;0;0;0;1;1;0;1;1;0;2;2;1;2;1;0;1;2;0;0;0
2;1;1;0;1;3;0;1;1;1;1;1;1;2;0;1;0;2;0;0;0
1;1;2;0;0;2;0;1;1;1;1;2;1;1;0;1;1;1;0;1;0
0;0;1;0;0;1;0;1;0;0;1;1;1;0;0;1;0;1;0;1;0
0;0;0;0;0;0;0;0;0;0;0;0;0;0;0;0;0;0;0;0;0
2;2;1;1;1;2;3;2;3;1;1;2;2;1;2;0;0;1;1;1;2
2;0;2;1;2;2;1;3;1;2;1;3;3;2;1;1;1;2;2;0;3
0;1;1;0;1;0;0;0;0;0;0;0;0;0;0;0;0;0;0;0;0
1;1;1;1;1;1;1;1;1;0;1;1;1;1;0;1;0;1;1;0;0
2;0;1;0;1;1;0;1;1;1;1;1;1;1;1;1;0;2;0;1;1
1;1;1;1;0;2;0;2;0;0;1;1;2;2;0;1;0;3;1;1;0
2;0;1;0;2;1;0;1;0;0;2;1;1;0;0;2;0;2;0;0;1
0;0;0;0;1;0;0;0;0;0;1;1;0;1;0;0;0;0;0;0;0
3;1;3;3;3;3;1;3;2;2;2;3;3;1;1;3;3;3;3;0;3
2;0;1;0;1;0;0;0;0;1;0;1;2;0;0;1;3;0;0;0;1
1;1;0;0;2;2;0;2;1;0;1;1;2;2;0;1;0;1;0;0;0
1;0;0;0;0;1;0;0;0;0;0;0;0;1;0;0;0;0;0;0;0
1;1;1;0;1;1;0;1;0;0;0;2;1;1;0;0;0;1;0;0;0
1;1;1;2;1;1;1;1;1;1;2;3;2;2;1;2;2;1;2;1;2
1;1;2;2;2;2;2;2;2;2;2;3;3;2;2;2;2;2;1;2;2
1;0;0;0;0;0;0;0;1;0;0;0;0;1;0;0;0;0;0;0;0
1;2;0;0;1;1;1;0;0;0;0;0;1;0;0;0;0;0;1;0;0
2;0;1;0;1;2;1;1;1;1;2;3;1;1;0;1;0;2;0;0;1
1;1;0;0;0;1;0;1;0;0;1;1;1;0;0;0;0;1;1;0;1
1;1;0;0;0;0;0;1;0;0;0;0;1;0;0;0;0;1;1;0;0
2;2;1;1;2;2;0;1;2;2;2;2;2;1;1;2;2;1;1;1;2
0;0;0;0;0;0;0;0;0;0;0;1;0;0;0;0;0;0;0;0;0
1;1;1;0;1;1;1;1;1;0;1;1;1;1;0;1;1;1;0;0;0
0;1;1;0;0;1;0;1;0;1;1;1;1;1;0;1;1;1;0;0;2
1;1;1;1;1;1;1;1;0;0;1;1;1;1;1;0;0;1;1;0;0
1;0;0;0;1;0;0;0;1;0;1;1;0;1;0;0;0;0;0;0;0
0;1;0;0;1;0;0;1;0;0;1;0;1;0;0;0;0;0;0;0;0
0;0;0;0;0;0;0;0;1;0;2;1;1;0;0;0;0;0;1;0;0
2;1;1;1;1;1;1;1;1;1;1;1;1;1;0;1;1;1;1;1;1
1;0;1;1;1;1;1;1;1;1;1;1;1;1;0;0;1;1;1;0;1
0;0;0;0;1;1;0;0;0;0;1;1;1;1;0;2;0;2;0;0;0
0;0;0;0;0;1;0;0;0;0;0;0;0;0;0;0;0;0;0;0;0
3;2;1;1;1;2;2;3;1;1;3;3;2;1;2;0;2;3;2;0;1
1;2;0;0;1;0;0;1;1;0;1;1;0;1;0;0;0;1;1;0;0
1;0;1;0;1;0;0;2;0;1;0;1;1;1;0;1;1;1;1;0;0
1;1;1;1;1;1;1;2;1;0;1;1;1;1;1;1;0;1;1;1;0
1;1;1;0;2;1;0;1;1;0;2;1;1;1;0;1;1;1;0;0;0
1;0;0;0;0;0;0;0;0;0;0;0;0;0;0;0;0;0;0;0;0
1;0;0;0;0;0;0;0;0;0;0;1;1;0;0;0;0;0;0;0;0
1;2;0;0;2;0;0;0;0;1;1;1;3;1;0;3;0;1;1;0;3
2;1;1;2;1;2;1;3;2;1;2;2;1;3;1;1;1;3;1;1;1
3;2;0;0;0;1;0;0;2;0;1;1;1;0;1;0;1;1;0;0;0
1;1;0;1;0;1;0;0;0;0;1;1;1;0;0;0;0;1;0;0;0
2;0;2;0;0;1;0;2;0;1;2;3;3;3;3;1;0;1;0;1;0
2;0;0;1;1;1;0;2;1;0;1;1;1;1;0;1;0;1;1;0;0
1;1;0;1;2;2;1;2;0;0;1;1;2;2;0;2;0;0;0;0;0
1;0;1;1;0;2;1;3;3;1;1;1;2;2;2;2;1;1;3;1;1
0;1;0;0;1;1;0;1;0;0;1;1;1;0;0;0;0;0;0;0;0
1;1;2;2;2;1;1;2;2;1;2;2;2;0;1;1;1;1;2;1;0
0;0;1;0;1;0;0;0;0;0;1;1;1;1;0;1;0;1;0;0;1
2;1;1;1;2;2;1;2;0;1;2;1;2;1;1;1;2;1;1;2;2
2;0;1;0;1;1;1;1;1;0;1;1;1;0;0;1;0;2;0;0;0
1;0;0;1;1;1;0;1;0;0;1;1;1;0;0;0;0;1;0;1;0
1;0;0;0;0;0;0;0;0;0;0;0;0;0;0;0;0;1;1;0;0
0;0;0;0;0;1;0;0;0;0;0;1;0;0;0;0;0;0;0;0;0
0;1;0;0;1;1;0;0;0;0;1;0;1;1;0;0;0;0;0;0;0
0;1;0;0;0;1;0;0;0;0;0;0;0;0;0;0;0;0;0;0;0
1;0;1;0;0;0;0;1;0;1;1;1;1;0;0;0;0;2;0;0;1
0;1;0;0;0;1;0;1;0;0;0;1;1;1;0;0;0;0;0;0;0
2;0;1;0;0;0;1;1;1;0;0;1;1;1;1;0;0;1;0;0;0
0;1;0;0;0;0;0;1;0;0;0;0;1;0;0;0;0;0;0;0;0
0;0;0;0;1;0;0;1;0;0;0;1;0;0;0;0;1;0;0;0;0
1;0;0;0;0;1;0;1;0;0;1;0;1;1;0;0;0;1;0;0;0
0;0;1;0;0;0;0;0;0;0;0;1;1;1;0;1;1;0;1;0;1
1;0;0;0;1;1;0;1;0;0;1;1;0;0;0;0;0;1;0;0;0
1;1;1;1;1;1;0;2;0;1;1;2;2;1;0;2;1;2;1;1;1
1;0;1;0;3;2;1;2;2;3;2;2;2;1;2;3;2;2;1;0;2
0;0;1;0;1;0;0;1;0;0;0;1;1;0;1;0;0;1;0;0;0
2;0;1;0;1;0;1;1;1;0;1;1;1;1;0;1;1;1;1;0;0
1;1;1;0;0;0;0;1;0;1;1;1;2;1;0;1;2;1;0;0;1
1;1;1;0;1;1;1;1;0;0;1;1;1;1;0;1;1;1;1;0;0
1;1;1;0;2;0;0;0;0;1;0;0;2;1;0;1;2;2;1;0;1
1;1;3;0;1;1;0;0;0;3;0;1;3;0;0;3;3;2;0;0;3
1;1;0;0;0;1;0;1;1;0;1;1;1;0;0;0;0;1;1;1;1
0;1;1;0;0;0;0;0;0;0;1;1;1;1;0;0;0;1;0;0;0
1;1;0;0;0;1;0;1;0;0;1;1;1;0;0;0;0;1;0;0;0
0;1;0;0;0;0;0;0;0;0;0;0;0;0;0;0;0;0;0;0;0
1;0;0;1;1;2;0;2;1;0;1;2;1;1;0;1;1;1;0;0;1
0;0;0;1;3;1;0;1;0;0;0;0;1;0;0;1;1;0;0;0;0
1;1;1;1;1;0;0;1;0;1;1;1;1;1;1;1;1;1;0;0;1
1;1;1;0;1;1;0;1;1;0;2;2;1;1;1;1;1;1;1;0;0
0;0;0;0;0;0;0;0;0;0;0;0;0;0;0;0;0;0;0;0;0
0;0;0;0;0;0;0;0;0;0;0;0;0;0;0;0;0;0;0;0;0
1;2;1;1;0;2;0;1;1;0;1;1;1;1;0;0;0;1;0;0;0
1;1;2;2;1;1;0;1;1;1;2;1;2;1;2;1;1;1;1;1;1
1;0;1;0;2;1;0;1;0;0;1;1;1;1;0;1;0;1;0;1;0
0;0;0;0;0;1;0;0;0;0;0;0;0;0;0;0;0;0;0;0;0
0;3;1;1;1;1;0;1;1;1;1;2;2;1;0;1;0;1;1;1;0
3;2;3;2;2;2;2;3;3;2;2;2;3;2;2;2;3;2;2;2;2
0;0;1;0;0;1;0;1;0;0;1;0;0;0;0;1;0;0;1;0;0
3;2;1;0;2;1;2;1;1;2;2;2;1;1;1;1;1;1;1;0;1
1;1;1;0;0;2;0;1;0;2;2;2;0;0;0;0;0;0;0;0;0
2;2;1;0;1;2;1;2;2;1;2;2;1;0;0;1;0;2;2;0;0
1;1;1;1;1;0;1;1;0;1;0;0;1;0;0;0;0;0;0;0;0
0;0;0;0;0;0;0;0;0;0;0;0;1;0;0;0;0;0;0;0;0
1;0;1;0;1;1;0;1;0;1;1;1;1;1;0;1;1;1;0;0;1
1;1;0;0;0;0;0;1;0;0;1;0;1;0;0;2;3;1;0;2;3
1;0;0;1;1;1;0;1;1;0;1;1;1;1;0;0;1;1;1;1;0
2;0;0;0;2;1;0;1;0;1;1;1;1;1;0;0;0;0;0;0;0
2;2;0;0;2;2;0;1;1;1;1;1;1;1;0;1;1;1;1;0;1
1;0;0;0;0;1;0;0;0;0;0;0;0;1;0;0;0;0;0;0;0
1;0;0;0;1;1;0;0;0;1;1;1;1;1;0;1;1;1;0;0;0
0;0;0;0;0;0;0;0;0;0;0;0;0;0;0;0;0;0;0;0;0
1;0;0;0;0;0;0;1;0;1;1;1;1;1;1;0;0;1;0;0;0
1;1;0;0;1;0;1;1;1;0;0;1;1;1;0;0;1;0;1;0;0
1;1;1;0;1;1;0;1;1;0;1;1;1;1;0;1;1;1;0;0;0
0;1;0;0;1;1;1;0;0;0;0;0;0;0;0;0;0;0;0;0;0
0;0;0;0;0;0;0;0;0;0;0;1;0;1;0;0;0;0;0;0;0
3;2;2;3;2;2;0;3;1;3;2;3;3;3;2;2;3;3;1;1;1
1;0;1;0;0;1;0;0;0;0;0;0;1;0;0;0;0;0;0;0;0
0;0;0;0;0;0;0;0;0;0;0;1;1;0;0;0;0;0;1;0;0
0;1;0;0;0;0;0;0;0;0;0;1;0;0;0;0;0;0;0;0;0
1;0;1;0;1;0;2;0;1;1;1;1;1;1;0;1;1;1;1;0;0
2;1;0;0;1;1;0;1;0;0;1;1;1;0;1;1;1;1;1;0;0
2;1;0;0;0;1;0;1;0;0;1;1;0;1;0;0;0;1;0;0;0
0;1;1;0;1;1;0;0;0;1;0;1;1;0;0;1;1;1;0;1;1
1;1;1;1;1;1;0;0;0;0;1;0;1;0;0;1;0;1;1;0;0
1;1;1;1;1;2;1;2;2;1;2;2;2;2;1;1;1;2;2;1;0
1;1;0;1;0;1;1;2;1;0;2;3;0;0;1;0;0;1;1;0;0
2;0;0;0;0;1;0;0;0;0;0;0;1;0;0;0;0;0;0;0;0
2;0;1;2;0;1;0;1;0;0;1;2;1;1;0;0;0;1;2;0;0
1;1;1;0;2;0;0;0;0;1;1;2;2;0;0;2;0;1;0;0;0
3;0;1;0;1;1;0;0;1;2;2;1;1;2;1;1;1;1;1;1;1
1;0;1;1;0;1;0;1;0;1;1;1;1;1;1;1;1;1;1;0;1
1;1;1;1;2;1;1;2;2;1;1;1;2;1;1;1;1;1;2;1;1
1;0;1;0;0;0;0;1;0;0;0;0;2;0;0;1;2;2;2;0;1
1;0;0;0;0;1;0;0;0;0;0;1;0;1;0;1;0;1;0;0;0
0;0;0;0;1;1;0;0;0;0;1;0;1;1;0;1;0;1;0;0;0
0;1;1;0;1;1;0;1;1;0;1;2;1;3;0;0;0;2;1;0;0
1;1;0;0;1;0;0;1;0;0;1;1;1;1;0;1;0;1;0;0;0
1;0;0;0;1;1;0;1;0;1;1;1;1;1;1;0;0;1;0;1;0
1;1;1;1;1;1;1;1;1;1;1;1;1;1;1;1;1;1;1;1;1
0;1;0;0;0;0;0;1;1;0;0;1;0;0;0;0;0;0;0;0;0
1;0;1;0;1;1;0;1;0;1;1;1;1;0;0;1;0;1;0;0;0
1;1;1;1;1;1;0;1;1;1;1;1;1;0;0;1;0;1;1;1;0
0;0;0;0;0;0;0;0;0;0;0;0;0;0;0;0;0;0;0;0;0
1;0;0;0;1;1;0;1;0;0;2;2;1;1;0;0;0;1;0;0;0
2;0;1;0;1;1;0;2;1;0;0;0;1;1;0;0;0;1;2;0;0
1;0;0;0;0;0;0;1;1;0;1;1;1;1;0;0;0;1;0;0;0
2;0;1;0;1;1;0;1;1;0;1;1;1;3;0;1;1;3;0;0;0
0;0;0;0;0;1;0;0;1;0;0;0;0;1;0;0;0;0;0;0;0
1;1;0;1;1;0;0;1;1;0;1;1;1;1;1;0;1;1;1;0;0
0;0;0;0;0;0;0;0;0;0;0;1;1;1;0;0;0;1;1;0;0
1;0;1;0;0;1;1;1;0;0;0;1;2;1;0;0;0;1;0;0;0
3;3;3;2;3;1;1;3;1;3;3;3;3;1;1;3;3;2;3;1;3
0;1;0;1;1;1;0;1;0;0;1;1;0;0;0;0;0;1;0;0;0
1;1;1;1;0;1;0;1;0;0;1;1;1;2;0;1;0;1;1;0;0
0;0;0;0;0;1;0;0;0;0;0;0;1;0;0;0;0;0;0;0;0
1;0;0;0;1;2;0;1;1;0;2;1;1;2;0;1;1;2;0;1;1
0;0;0;0;1;0;0;0;1;0;0;0;1;0;0;0;0;0;1;0;0
1;0;1;0;1;0;0;0;0;1;0;1;1;1;0;1;1;1;0;0;1
2;2;1;2;1;2;2;2;2;1;2;2;2;2;2;2;1;2;2;2;1
1;0;0;0;0;1;0;0;1;0;1;0;0;0;0;0;0;1;0;0;0
1;0;1;0;1;1;0;0;0;0;0;1;0;0;0;0;0;0;0;0;0
1;0;1;0;1;1;0;0;0;1;0;0;1;0;0;0;0;0;0;0;0
1;1;1;1;3;1;0;2;0;0;2;2;2;1;0;3;0;2;1;1;0
1;1;1;0;0;0;0;1;0;1;1;1;1;1;0;0;1;1;0;0;0
1;1;1;1;1;1;1;1;1;1;1;1;1;1;1;1;1;1;1;1;2
1;1;0;0;1;1;1;1;1;0;1;1;1;1;1;1;0;1;0;0;0
1;1;1;0;1;1;0;1;0;1;0;2;1;1;0;1;1;1;0;1;1
0;0;0;0;1;0;0;1;1;0;0;1;1;1;0;0;0;1;1;0;0
1;0;0;1;0;1;0;2;0;0;1;0;1;2;0;0;1;2;0;1;0
0;1;0;0;0;2;0;1;1;0;1;1;2;1;1;0;1;1;0;0;0
1;1;1;0;0;1;0;2;1;1;2;2;2;2;1;1;1;3;1;1;1
0;0;1;0;1;1;0;0;0;0;0;1;1;1;0;0;0;1;0;1;0
1;1;2;0;2;1;1;1;1;1;1;1;1;1;1;1;1;1;1;1;1
1;0;1;1;0;0;0;1;0;0;1;1;0;0;0;0;0;1;0;0;0
0;0;0;0;0;1;0;0;1;0;1;1;1;1;0;0;0;0;0;0;0
1;1;0;0;1;1;0;1;0;0;1;1;0;1;1;0;0;0;1;0;0
1;1;1;1;2;1;0;1;0;0;2;2;2;1;0;1;0;1;1;0;0
1;0;0;0;1;0;0;0;0;0;0;0;0;0;0;1;0;0;0;0;0
1;0;0;0;1;1;0;1;0;0;1;1;1;1;0;1;0;1;0;1;0
2;1;1;0;1;1;1;1;2;1;1;1;1;1;1;2;2;1;2;1;1
1;0;0;0;0;0;0;0;0;0;0;0;1;0;0;0;0;0;0;0;0
1;0;1;0;0;1;0;1;0;1;0;1;1;1;0;0;0;1;0;0;0
1;1;1;1;1;1;1;1;0;0;1;1;1;0;0;0;0;1;0;1;0
2;1;2;1;1;1;0;1;0;1;2;2;1;1;0;1;0;1;1;0;1
2;0;0;1;1;1;1;1;2;0;1;1;1;1;1;0;0;1;1;1;0
0;0;0;0;1;0;1;1;0;0;0;1;1;0;0;0;0;0;0;0;0
1;1;1;0;1;1;0;1;1;1;1;2;2;1;0;0;1;2;1;1;0
1;0;0;0;1;1;1;1;0;0;1;0;1;0;0;1;0;1;0;0;0
2;3;3;2;3;3;1;1;1;1;0;3;2;2;2;3;1;0;1;1;2
1;0;1;0;0;2;0;2;1;3;2;2;2;3;1;2;3;3;2;0;2
0;1;1;1;0;0;1;0;0;0;1;2;1;0;0;1;0;0;2;1;0
2;1;1;1;2;2;1;2;1;1;1;1;1;1;0;1;1;2;1;1;1
1;0;1;1;2;2;0;1;2;0;1;2;2;1;1;1;0;1;3;1;0
1;2;0;1;0;1;0;1;1;0;1;1;0;1;0;1;0;1;0;0;0
3;3;3;3;3;3;2;3;3;3;3;3;3;3;3;3;2;2;3;1;2
2;1;1;1;1;1;1;1;1;0;1;1;1;0;0;0;0;1;1;1;0
1;1;1;1;1;0;0;1;1;0;1;1;1;1;0;0;0;1;1;0;0
2;0;2;1;0;2;0;2;1;2;1;3;2;1;2;3;1;2;1;0;3
1;1;3;0;3;1;0;1;1;3;2;3;3;1;1;3;3;1;0;0;3
0;0;0;0;0;1;0;1;0;0;1;1;1;1;0;0;0;1;0;0;0
1;1;0;0;1;0;1;1;0;0;1;1;1;0;0;0;1;1;1;0;0
2;0;0;0;0;1;0;0;0;1;2;0;0;0;0;0;0;1;0;0;0
0;0;0;0;0;1;0;1;0;0;1;0;1;1;0;0;0;1;0;0;0
3;3;3;3;0;3;3;3;3;3;3;3;3;3;3;3;3;3;3;3;3
3;3;1;1;2;2;1;1;1;3;1;1;1;1;1;2;3;2;2;1;0
0;1;1;1;2;2;1;3;2;2;2;3;2;1;2;1;1;2;2;0;0
0;0;0;1;1;3;1;2;1;0;1;1;1;2;1;0;0;1;0;1;0
3;0;1;0;0;3;0;2;1;1;3;3;3;3;2;1;2;3;0;0;2
2;1;1;1;2;2;0;2;1;1;2;2;2;0;1;1;0;2;0;0;0
1;1;1;1;1;1;1;1;1;1;1;1;1;1;1;1;1;1;1;1;1
1;1;1;2;1;1;0;1;1;0;1;1;1;1;1;0;0;2;1;1;0
1;0;0;0;2;1;0;1;1;2;1;0;2;0;0;0;0;0;0;0;0
2;1;1;0;2;3;2;2;2;2;2;3;2;1;0;2;1;2;1;0;2
1;0;0;0;2;1;0;0;0;0;0;0;1;1;0;0;0;2;0;0;0
1;1;1;1;1;0;1;1;1;1;1;0;2;1;0;1;0;1;1;1;0
2;0;1;0;1;1;0;1;0;1;2;2;2;2;1;2;1;2;1;0;1
0;0;0;0;1;0;0;0;0;0;1;1;0;0;0;0;0;0;0;0;0
1;3;2;1;1;3;1;3;2;2;2;2;3;1;0;2;2;2;0;1;3
1;2;1;0;0;1;0;0;0;0;0;1;1;1;0;0;0;1;0;0;0
1;1;0;1;0;0;0;1;0;0;1;1;1;0;0;0;0;1;1;0;0
2;1;0;3;2;1;1;1;1;2;2;3;1;0;0;1;0;0;0;0;0
1;1;1;0;1;2;0;1;2;1;1;1;2;1;0;2;1;2;0;0;2
1;0;1;0;1;0;0;1;0;1;0;1;1;0;0;1;1;1;0;0;1
1;2;0;0;2;2;0;3;1;0;1;0;0;1;0;0;0;2;0;0;0
1;1;1;0;2;1;0;1;0;0;0;0;1;0;0;0;0;0;0;0;0
3;1;1;2;0;3;2;2;2;1;2;3;3;3;3;2;1;3;2;2;1
1;0;0;0;0;1;0;1;0;0;0;1;0;0;0;0;1;1;0;0;0
0;0;0;0;0;0;0;0;0;0;0;0;0;0;0;0;0;0;0;0;0
0;0;0;0;1;0;0;0;0;0;0;0;1;1;0;0;0;0;0;0;0
0;0;0;0;2;0;0;0;0;0;0;0;0;0;0;0;0;0;0;0;0
1;1;1;1;1;1;1;1;1;1;1;1;1;1;1;1;1;1;1;1;1
1;0;0;1;1;1;0;1;1;0;0;1;1;1;0;0;0;0;1;0;0
3;0;3;1;3;3;1;3;1;3;2;3;3;3;2;3;3;3;3;3;3
1;2;1;1;1;2;1;2;2;1;2;3;2;2;1;1;0;1;2;2;0
1;0;0;0;1;1;0;0;0;0;0;0;1;1;0;0;0;1;1;0;0
0;1;0;0;0;1;0;0;0;0;0;1;1;0;0;1;0;0;0;0;0
3;0;3;1;3;3;1;3;1;3;1;3;3;3;1;3;3;3;2;2;3
1;1;0;0;1;1;0;0;0;0;0;0;1;1;0;1;1;0;0;1;0
1;0;1;0;1;1;0;1;0;0;0;1;1;0;0;0;0;1;0;0;0
1;0;1;0;1;1;1;1;0;1;1;1;1;1;0;1;1;1;1;1;1
1;0;1;0;1;2;0;1;0;0;1;1;1;1;0;1;0;1;0;0;0
1;0;1;1;3;1;0;1;0;0;0;2;3;1;1;2;2;1;1;1;1
1;1;1;0;1;1;0;1;0;1;1;1;1;1;0;1;1;1;0;0;0
0;0;0;0;1;1;0;0;0;0;0;0;0;2;0;0;0;0;1;0;0
1;0;0;0;1;1;0;0;0;0;0;1;1;0;0;0;0;0;0;0;0
1;0;0;0;0;0;1;0;0;0;1;1;0;2;0;0;0;0;0;0;0
2;1;3;1;3;0;0;2;2;3;2;3;3;1;2;3;3;1;1;2;3
1;1;1;0;0;0;1;1;0;0;1;1;0;0;0;0;0;0;0;0;0
3;2;3;3;3;3;2;3;3;3;3;3;3;3;3;3;3;3;3;3;3
1;0;1;0;1;1;1;1;1;2;1;1;2;1;1;1;1;1;1;0;1
0;0;0;0;0;1;0;1;1;0;0;1;1;1;0;0;0;1;0;0;0
1;1;1;1;1;1;0;1;0;0;2;2;1;0;0;0;0;0;0;0;0
1;1;0;1;2;0;0;2;0;0;2;1;1;1;0;1;0;2;1;0;0
1;1;1;1;1;1;0;1;0;0;1;1;1;1;1;1;0;2;1;1;0
0;0;0;0;0;1;0;0;0;0;0;0;1;0;0;0;0;0;0;0;0
1;1;1;1;1;1;1;1;1;0;1;1;1;1;1;1;1;1;1;1;0
0;0;0;0;1;0;0;0;0;0;0;0;0;0;0;0;0;0;0;0;0
2;1;0;0;0;0;0;0;1;0;0;1;1;0;0;0;0;1;0;0;0
2;1;1;1;0;2;2;2;0;0;1;3;1;1;0;0;0;2;1;0;0
1;0;2;0;3;1;0;1;1;0;1;0;0;2;0;1;1;1;0;0;1
1;0;0;0;0;0;0;0;0;0;1;1;1;1;0;0;0;1;0;0;0
1;1;1;1;0;1;2;1;0;0;0;0;1;0;1;1;0;1;1;0;0
1;1;2;2;3;1;1;2;1;3;3;3;2;2;2;1;2;3;3;2;0
0;1;0;0;1;1;0;1;0;0;1;1;0;1;0;1;0;1;0;0;0
1;0;0;0;0;2;0;0;1;0;2;2;0;1;0;1;0;0;0;0;0
1;0;1;0;1;1;0;1;1;0;2;1;1;1;0;1;1;1;1;1;0
1;0;0;0;0;1;0;0;0;0;1;1;1;1;0;0;0;0;0;0;0
1;1;0;0;0;0;1;1;0;0;1;1;1;0;0;0;0;1;0;0;0
0;0;0;0;1;1;0;1;0;0;1;1;1;1;0;0;0;1;0;0;0
0;0;0;0;1;1;0;1;0;0;1;1;0;0;0;0;0;1;0;0;0
2;2;1;0;2;2;0;1;0;0;1;0;1;0;0;0;0;1;0;1;0
1;0;1;1;1;1;1;1;1;0;1;1;1;1;1;1;1;1;1;0;0
1;0;0;0;2;1;0;1;0;0;0;1;0;1;0;0;0;1;0;0;0
1;1;1;0;1;1;0;0;0;1;1;1;0;1;0;0;0;1;1;0;0
2;0;1;0;1;2;0;1;0;0;2;2;1;1;0;0;0;1;0;0;0
1;1;1;1;2;1;0;1;0;0;1;1;1;1;1;1;0;1;0;0;0
3;0;3;2;2;2;3;2;1;3;3;3;3;1;2;3;3;3;1;2;3
0;1;2;0;1;0;0;0;0;1;2;1;1;1;0;0;0;1;0;0;0
1;1;0;0;0;1;1;1;0;0;1;0;0;0;0;1;0;0;0;0;0
0;0;0;0;0;0;0;1;0;0;0;1;1;1;0;0;0;0;0;0;0
1;0;2;0;3;1;0;0;0;2;0;1;3;2;2;2;1;2;0;0;1
1;3;1;0;1;1;0;1;0;0;1;1;2;1;0;0;0;2;1;0;0
0;0;0;0;0;0;0;1;1;0;0;0;0;0;0;0;0;0;0;0;0
0;0;1;0;1;0;1;1;1;0;1;1;1;0;0;0;0;0;1;0;0
1;1;1;0;1;0;0;1;1;2;0;0;2;1;0;1;0;0;0;1;1
0;0;0;1;1;0;0;0;1;0;1;0;1;2;0;1;0;1;0;0;0
2;1;2;2;1;2;1;2;2;1;2;2;2;2;1;1;2;2;2;1;1
1;1;1;0;1;0;0;1;1;1;1;1;1;1;0;1;0;1;0;1;0
3;0;3;3;3;3;3;3;3;3;3;3;3;2;3;2;3;3;3;3;1
2;2;1;1;0;1;1;2;2;0;2;2;1;1;1;1;0;1;2;2;0
0;1;0;0;0;0;0;0;0;0;0;1;1;0;0;0;0;0;0;0;0
1;0;0;0;1;1;0;1;1;0;1;1;1;1;0;0;0;1;1;1;0
3;1;1;0;2;3;1;3;0;1;1;2;2;2;0;1;2;3;0;2;1
3;3;3;2;2;3;3;3;3;3;3;3;3;2;3;3;3;2;3;3;3
1;2;2;2;3;2;2;2;2;2;1;2;2;1;1;2;2;1;0;0;2
1;0;1;0;1;1;0;1;0;0;1;1;1;1;1;0;0;0;0;0;0
0;2;1;1;0;2;2;2;0;0;3;3;2;3;0;2;0;2;3;0;0
1;1;1;1;1;2;0;0;0;2;0;0;0;0;0;0;0;0;0;0;0
1;0;1;0;1;1;1;1;1;0;0;0;1;0;0;0;1;1;0;0;0
0;1;0;1;1;0;1;0;1;0;1;1;0;0;1;1;0;0;1;0;0
0;1;0;2;0;1;1;1;0;0;1;2;0;0;0;0;0;0;3;1;0
0;1;0;1;0;0;0;0;0;0;0;0;0;0;0;0;0;0;1;0;0
1;0;0;1;2;1;0;2;0;0;1;2;0;2;0;0;0;1;1;0;0
0;0;0;0;1;1;0;1;0;0;0;1;1;1;0;0;2;0;0;0;1
1;0;1;0;0;1;0;1;1;1;1;1;1;1;1;1;1;1;1;0;0
1;0;1;0;1;1;0;1;1;1;1;1;1;1;0;0;1;1;0;0;0
1;1;1;1;1;1;1;1;1;1;1;1;1;1;1;1;1;1;1;1;1
1;0;1;0;1;1;0;1;1;1;1;1;1;1;0;1;0;1;0;0;0
1;0;0;0;0;0;0;1;0;0;1;1;0;0;0;0;0;0;0;0;0
1;0;0;0;0;1;0;1;1;0;2;2;1;1;1;1;0;1;0;0;0
0;0;0;0;0;0;0;0;0;0;1;1;0;0;0;0;0;0;0;0;0
0;0;0;0;0;0;0;0;0;0;1;1;1;1;0;0;0;1;0;0;0
1;1;1;0;2;1;0;1;2;1;2;2;1;1;0;2;1;0;0;0;1
1;2;1;0;1;1;1;1;1;0;0;2;1;1;0;0;0;1;0;0;0
1;0;0;0;1;0;0;1;0;0;1;1;1;0;0;0;1;1;0;0;0
2;1;0;0;0;1;0;1;0;0;1;2;1;1;0;1;0;2;0;0;1
2;0;0;0;1;2;1;1;0;1;1;1;1;1;0;1;0;1;1;0;0
1;1;0;0;1;1;0;0;1;0;0;0;1;1;0;0;0;0;0;0;0
1;1;1;0;2;0;3;1;1;2;0;3;1;3;0;3;1;1;1;0;1
1;0;1;1;1;1;0;1;1;0;0;0;0;1;1;1;2;1;0;1;2
1;0;0;0;1;1;0;0;1;0;1;1;1;0;0;0;0;1;0;0;0
1;1;1;1;1;1;2;2;2;0;0;2;1;2;2;1;1;0;3;0;0
0;2;1;0;2;0;1;0;0;0;0;0;1;0;0;2;0;1;1;0;1
1;0;1;0;1;1;1;1;0;1;1;1;1;0;1;1;1;1;1;0;1
1;0;1;0;1;2;0;2;2;2;2;2;2;1;2;2;2;2;0;0;1
1;0;0;0;0;1;1;1;0;0;1;1;1;0;0;0;0;1;0;0;0
1;0;2;1;2;2;1;1;1;2;1;2;2;0;1;1;2;3;1;2;1
1;2;1;0;1;0;0;0;1;0;0;0;1;0;0;0;1;0;0;0;0
2;1;1;0;0;1;0;1;1;1;1;1;1;0;0;0;0;1;1;1;0
0;1;1;1;1;1;0;1;1;0;1;1;1;0;1;0;1;1;0;0;0
0;1;0;0;1;1;1;1;1;0;1;0;1;0;0;0;0;0;0;0;0
1;1;0;0;1;1;0;1;0;0;1;0;1;1;0;1;0;1;1;0;0
2;1;2;0;3;2;1;1;1;0;0;1;1;1;0;1;1;1;0;3;0
1;0;0;0;1;1;0;1;0;0;1;1;1;2;0;1;0;1;0;0;0
2;1;2;1;1;2;0;2;2;0;1;1;2;1;2;2;2;3;1;1;1
1;0;0;0;0;1;1;0;0;0;1;1;1;1;0;1;0;1;0;0;0
1;1;1;0;0;0;0;0;0;0;0;0;0;0;0;0;0;0;0;0;0
1;0;2;0;3;1;0;0;0;2;2;1;3;0;2;2;1;0;0;1;3
2;3;1;1;1;2;3;2;1;1;3;3;2;2;0;1;0;3;2;1;2
2;1;3;0;3;3;3;3;3;3;1;0;3;3;2;2;3;1;1;1;3
0;0;0;0;0;0;1;1;1;1;1;1;1;1;0;1;1;1;1;0;1
1;1;2;0;2;2;0;1;2;3;1;1;3;1;1;2;3;3;0;1;2
1;2;1;1;2;1;1;2;1;1;1;1;1;1;0;0;0;1;1;0;1
1;3;0;1;2;2;2;1;3;1;0;0;3;3;0;0;0;3;0;0;0
1;0;1;0;1;1;0;1;0;1;1;1;2;1;0;2;1;2;0;0;1
1;1;2;1;0;1;1;2;1;3;1;1;3;2;1;3;3;1;1;1;2
1;0;1;0;2;1;1;0;0;0;1;1;1;1;0;0;0;1;1;0;0
0;0;0;1;0;0;0;0;0;0;0;0;1;0;0;0;0;0;0;0;0
1;1;1;0;1;1;1;1;1;1;1;1;1;1;1;1;1;1;0;0;1
1;1;2;1;1;1;2;2;2;2;2;1;2;2;1;2;2;2;0;0;1
3;1;1;1;1;1;1;3;1;1;1;1;1;1;1;1;0;1;1;1;1
3;1;3;1;1;2;3;2;2;2;2;2;2;2;2;2;3;2;2;2;3
1;1;0;0;2;2;0;1;2;1;2;0;1;0;0;2;1;2;2;2;0
2;0;1;0;3;2;2;2;0;2;2;1;3;2;1;3;3;2;0;0;2
0;0;0;0;0;0;0;0;0;0;0;0;0;0;0;0;0;0;0;0;0
1;0;0;0;0;1;0;0;1;0;0;1;0;1;0;0;0;0;1;0;0
2;0;2;0;1;1;1;1;3;2;2;3;3;1;3;2;3;2;0;1;0
1;0;1;2;1;1;1;2;2;0;1;1;1;0;0;0;0;1;0;0;0
1;3;1;1;3;1;2;2;3;1;1;2;3;2;0;3;2;1;2;1;1
1;0;1;0;1;0;0;1;0;0;1;1;1;0;1;1;0;1;0;0;0
1;0;1;0;1;1;0;1;1;0;0;1;0;0;0;0;0;0;1;0;0
1;1;1;1;1;1;1;1;1;1;1;0;1;1;1;0;0;1;1;1;0
1;1;1;0;1;1;0;1;0;1;1;1;1;0;2;1;1;0;0;0;0
1;0;1;0;0;0;0;0;0;0;0;0;0;1;0;0;0;1;0;0;0
1;1;2;1;0;1;0;2;2;1;1;3;1;1;2;1;2;2;2;1;2
1;1;0;0;1;1;0;1;0;0;0;0;1;1;0;0;0;1;2;1;0
1;1;1;0;1;0;0;0;0;0;0;1;2;1;0;1;1;0;0;0;1
0;0;0;0;1;2;0;1;0;0;2;1;1;1;0;0;1;2;0;0;0
3;2;3;2;1;0;2;1;1;1;1;1;1;1;1;1;1;1;0;1;1
2;2;2;1;2;2;0;1;1;1;1;2;3;2;0;1;1;1;2;1;3
0;2;1;1;1;1;1;1;0;1;1;1;1;1;1;1;1;1;1;1;1
1;1;0;1;1;1;1;1;0;0;2;1;1;2;0;1;0;2;1;0;0
2;2;1;1;1;1;0;1;1;0;1;2;1;1;1;1;1;2;1;0;0
2;3;1;3;1;2;1;2;0;1;3;3;2;3;1;2;2;3;1;0;1
2;0;1;0;1;1;3;1;0;0;2;2;1;0;0;0;0;1;0;1;0
0;0;1;0;1;0;0;1;0;1;1;1;1;1;0;0;1;1;0;0;0
1;1;0;1;0;0;0;2;0;0;0;1;2;1;1;2;2;0;0;0;2
1;0;0;1;2;1;0;2;1;2;2;2;2;2;2;2;2;2;1;1;1
1;1;0;0;1;1;0;1;0;0;0;0;0;0;0;1;0;0;0;0;0
1;1;1;1;2;2;1;2;1;2;1;3;3;1;0;2;2;2;1;1;3
2;0;1;0;1;2;0;2;0;1;1;2;2;2;0;1;1;2;0;0;0
1;0;0;0;0;1;0;1;0;0;1;1;0;1;0;0;0;0;0;0;0
1;0;0;0;1;1;0;0;0;0;1;1;1;0;0;0;0;1;0;0;0
0;1;1;0;2;2;0;2;1;1;2;2;2;1;0;2;1;2;0;0;1
1;0;0;0;0;1;0;1;1;0;2;1;1;2;0;0;2;2;0;0;0
2;1;2;2;2;2;2;2;2;2;2;3;2;2;2;2;3;2;2;2;2
0;0;0;0;1;1;0;0;0;0;0;1;0;0;0;1;0;2;0;0;0
3;1;2;2;2;2;2;2;2;2;2;2;2;2;2;2;2;2;2;2;2
1;1;0;0;0;1;2;1;1;0;1;1;1;1;0;0;0;1;1;0;0
1;1;1;1;1;1;0;1;1;1;2;2;1;1;0;1;1;1;1;0;0
1;1;1;1;1;2;0;2;0;0;1;1;2;1;0;1;1;2;1;0;1
2;0;0;0;1;1;0;1;0;0;0;1;0;1;0;2;0;1;0;0;0
2;0;1;1;0;1;0;1;0;0;0;1;1;0;0;0;1;2;0;1;0
1;0;1;0;1;1;0;1;0;1;1;1;1;1;1;1;1;1;0;1;1
2;3;0;0;0;2;1;1;0;0;1;1;0;2;0;0;0;2;2;0;0
0;0;1;0;1;1;0;0;0;0;1;1;1;1;0;0;1;0;0;0;2
1;1;1;1;2;1;2;1;1;1;1;1;1;0;1;1;2;1;0;1;1
1;1;1;1;2;2;1;2;1;1;1;2;1;1;1;1;1;2;1;2;1
0;0;0;0;1;0;0;1;0;0;1;1;1;1;0;1;0;0;0;0;0
1;1;1;0;1;0;0;0;0;0;0;0;0;1;0;0;0;0;0;0;0
0;0;1;0;2;0;0;1;1;2;1;1;1;2;0;1;0;2;0;0;1
1;1;0;1;0;1;1;1;1;0;1;1;0;1;1;0;0;1;1;1;0
2;1;2;1;1;1;1;1;0;1;1;2;2;2;1;2;2;2;2;0;0
1;1;1;0;3;1;0;0;3;1;0;1;3;3;0;1;3;2;0;0;1
1;0;1;0;0;1;0;1;0;0;1;1;1;0;0;0;1;1;0;0;0
2;0;2;0;2;2;0;2;1;2;1;2;2;3;1;2;2;2;0;0;2
2;1;2;0;3;2;2;2;2;3;2;2;3;2;0;3;2;2;2;2;3
1;0;0;0;1;1;0;0;0;0;1;1;1;1;0;0;0;1;0;0;0
2;0;1;1;1;2;1;2;1;0;1;2;1;2;0;0;0;2;2;0;0
3;0;2;0;2;2;0;1;1;1;1;0;1;2;0;0;0;2;1;0;0
